4.376985514041670244e-01
-8.826372762578982289e-01
-6.300418664327879226e-01
1.765548734201619896e-01
8.324593725346038919e-01
-1.000000000000000000e+00
4.480468063121074707e-01
1.243078617290765686e-01
1.000000000000000000e+00
-4.771438241995182294e-01
9.160262759657686882e-01
-1.865763629346897656e-02
1.000000000000000000e+00
-9.247338042464243735e-01
-6.631244507997002824e-01
-6.465504013074195866e-01
3.095477109346196909e-01
1.000000000000000000e+00
-9.403316106315777745e-01
2.605581561930854217e-01
-8.130835619080619692e-01
-5.784448094515936001e-01
-3.861088650143166268e-01
-6.971650152671817757e-01
5.862790522010449257e-01
-7.971280558525568605e-01
7.175708056625526021e-01
7.456718472369017192e-01
8.253775396527301966e-01
-1.985157338883677403e-01
1.537749555550191605e-01
-7.128266566203489418e-01
-3.513277053154230112e-01
9.608797309867627146e-01
9.088024052398039343e-01
6.655921892216627445e-01
-2.731401723873165821e-01
5.056692316350045457e-01
-7.629467967358419811e-01
-3.575807670988773168e-01
-7.460391266757875339e-01
-5.979944915403941907e-01
4.836053434635271819e-01
-8.432121226395081770e-01
-1.000000000000000000e+00
5.597843698866884488e-01
-4.412088261386842292e-01
-2.321792658266698950e-01
-9.790463355239155119e-01
3.871265380520371169e-01
-9.645681180825326217e-01
1.000000000000000000e+00
-7.250178788682454245e-02
-6.667845305169221026e-01
-9.067615696089598165e-01
-8.182110367134205475e-01
3.572577673066612558e-01
-3.060777335170209446e-01
-1.000000000000000000e+00
-2.999030465575321380e-01
-7.616441269196464470e-01
8.543566182923776342e-01
-7.157434238430759876e-01
-9.293090237697719802e-01
2.557852516737756376e-01
-4.352493566585336482e-01
7.383217924117345676e-01
-6.915525150365928742e-01
-4.539360612130507455e-01
3.968574228137521365e-01
-4.285943249943788835e-01
1.218941521128281968e-01
2.095591042042687646e-01
8.203263491640989669e-01
-6.489061798866324615e-01
-3.925344733874976955e-01
6.911686496132819491e-01
4.324460198705661895e-01
-2.619737275474803284e-01
8.300997655366366690e-01
2.349250706178926118e-01
7.225991956606651057e-01
1.000000000000000000e+00
6.407967852600582326e-01
-6.490256804291194559e-01
-7.708289340279718127e-01
4.732654629399125068e-01
-9.455963968886437199e-01
-3.850560060372238969e-01
-6.854038132623065938e-01
-2.133028127959435694e-01
5.527402618414444246e-01
-3.204033492040427866e-01
1.337076798379588649e-01
9.762742455623331095e-01
-7.702715221742453822e-02
1.611302012344058010e-01
-1.308438481379397278e-01
-9.284209436117312197e-01
8.795555916422803655e-01
-7.693135255476770684e-01
-8.009314736090664688e-01
9.519881124188175336e-01
2.468742001129401453e-01
-5.182328279423362161e-02
6.553228385364227027e-01
1.015422737225971234e-01
-3.484055979581526102e-02
-4.623135603865383692e-01
5.641672397315394827e-01
1.920990511766710318e-01
-8.019733899360342866e-01
7.817644608035546616e-01
-7.324705024241964235e-01
-7.656348144606692774e-01
2.174520097289492360e-01
2.559582337585969980e-01
-7.354194171651384782e-01
5.073031503028746503e-01
2.764083196896690575e-01
4.108006718641642463e-01
-8.390856148097579625e-01
3.595476636708359042e-01
-1.901543136646398624e-01
-6.195331782744323279e-01
-5.226645635555721148e-03
8.378032849406106264e-01
4.592504561025012033e-01
-2.598875447226945412e-01
5.388712762360124975e-01
2.705339019781944354e-01
5.227918516359462142e-01
-2.146863761717572316e-01
2.373754104364929618e-01
4.358465128329305771e-01
5.271361859551492168e-01
8.674570999877200261e-01
3.042841445390073729e-01
-6.521735335020993896e-01
5.394853261235268982e-02
5.979081355902973183e-01
1.206370756045425513e-01
-2.058877377707701503e-02
-6.760635392091783602e-02
9.160528586037944843e-01
8.144611533952501592e-01
2.658368691008368701e-01
-2.596063496720720232e-01
-7.820445237490603052e-01
5.979601739324751364e-01
-1.000000000000000000e+00
2.994810056147091393e-01
5.059507793914237439e-01
-3.720995537921146790e-01
-6.087544859117723917e-01
-9.130378922684585508e-01
-4.497560441708441381e-01
7.066181682458247959e-01
-5.184732018143702881e-01
4.905851100086010552e-01
-7.143259061606149762e-01
9.747716247159441405e-01
5.373372706986768305e-02
2.357688009407809537e-01
-7.953319126215200319e-01
6.437958939220759236e-01
-7.987222876659401116e-01
6.650060312709991095e-01
-3.520877684238407634e-02
1.614255387781328432e-01
8.638480946824906859e-01
1.000000000000000000e+00
8.646092622686514240e-01
-7.806858200763613365e-01
-1.525095500274523674e-01
5.852840734816328050e-01
1.000000000000000000e+00
-1.246040749162497241e-01
3.051302622173133750e-01
-9.064309984611872428e-01
7.610996872243267486e-01
-5.661932824419386723e-01
-9.630689543118643448e-01
-2.643074687098778686e-01
5.792058171539022915e-01
7.113818789339002580e-01
1.519334454899140541e-01
5.377317252710824835e-01
-1.000000000000000000e+00
6.167934831133881080e-01
5.539527181163583780e-01
-1.050649033464759186e-01
-1.000000000000000000e+00
-2.203750349251813734e-01
-4.650778905576539723e-01
-8.221117639416044565e-01
-6.550075356676220428e-01
3.769249160130408449e-01
-6.931577979361890351e-01
1.000000000000000000e+00
4.549339156054019173e-01
-3.090350031228181193e-02
2.934593468697107438e-02
7.741339156023205881e-01
3.659908650948110465e-01
-4.016646506674147465e-01
-3.417077178365123813e-01
-1.908860040150668902e-01
-2.106239942646874752e-01
-1.669128963343708416e-01
8.918368737260110590e-01
-4.259718372937528613e-02
4.687453447794375783e-01
4.312117212600734967e-02
5.579618537861189553e-01
-1.670136891294813908e-01
-3.599525522131810096e-01
5.917156085180804714e-01
-5.929106365042750015e-01
4.100730218686930439e-01
3.096826134884816395e-01
9.808826740232926000e-02
1.000000000000000000e+00
-4.537107067511748637e-01
-1.223139412699112277e-01
-7.004984978870539836e-01
-1.736665676475033504e-01
5.082355844013898283e-01
-4.182222998552675430e-01
6.544869830571243829e-01
-5.575026179993536335e-01
4.339010706590587518e-01
-4.992493599080171096e-01
-1.407712283254117513e-01
4.598697862753173826e-01
-9.313315236504460248e-01
-1.000000000000000000e+00
8.989747731102557537e-01
4.187761318186897230e-01
4.991710244250184836e-01
-3.816906782181792579e-01
-7.464443523118324819e-02
-8.645998872913377431e-01
3.409916718068332075e-01
9.049893158592278164e-01
6.758003312308714650e-01
7.387441053337295838e-01
1.000000000000000000e+00
9.466986601744536989e-01
-3.493339727044902920e-01
-6.304899861070665246e-01
1.000000000000000000e+00
4.000594621774299919e-01
-9.294792077519058449e-01
-1.728918028964191167e-01
5.600484856591090299e-01
3.470571944922998947e-02
-3.538555481785152779e-01
-3.843448403921234657e-01
4.155214481382661362e-01
-7.294520819242245047e-01
-8.318844750987863801e-01
-8.528021722534389060e-01
5.535197005273839732e-01
-1.570860250472596101e-03
